100
2 1
500 300
900
660
2 1
500 300
1500
809
2 2
50 100
450 449
1100 1101
2 1
500 300
300
500
1 8
10
11 13 17 11 16 14 12 18
1 3
2
3800 3839 3772
2 7
1 8
660 500 273 181 695 415 90
3215 4000 880 2254 1730 6130 4320
2 8
4 3
4993 4800 4320 4325 5280 4390 5065 5008
3635 3272 3853 3240 3600 3960 3275 3331
2 2
146279 60779
663450 955116
510556 771539
1 3
8
17127 13600 9360
1 3
8
1757 2526 800
1 6
2
3856 3520 590 1400 3200 3807
2 8
10 7
7366 7008 7420 6300 7810 6921 6661 7030
4906 4818 4473 4921 5033 4400 4625 5390
1 7
2
18 2 2 2 2 2 2
1 3
10
1091 2700 2164
2 6
4 10
9200 10120 8424 8925 9173 9312
22541 21918 25102 20700 20884 23000
1 8
10
6 4 3 8 2 5 1 7
2 8
3 2
1200 1650 293 1754 981 628 2474 1973
900 394 1162 1416 800 1697 180 649
1 5
4
9138 8212 9680 8800 9498
2 8
1 6
1200 110 376 700 200 1170 1298 2150
2227 8580 7876 1200 4304 7200 540 11991
2 6
2 8
5016 2366 4000 2200 1800 3080
10080 20213 7200 7200 8959 14416
2 1
3 6
4352
8578
2 7
10 8
9 40 90 40 19 32 110
34 72 8 88 32 16 26
2 8
5 2
15 35 39 45 42 36 55 24
15 22 18 6 10 14 16 17
2 7
618124 30474
598174 789845 587288 677499 426390 905265 250184
374960 814142 512507 999858 506009 677735 993366
2 8
2 2
2 2 18 18 2 2 2 2
22 2 2 2 2 22 2 2
1 7
7
44 14 21 26 77 63 13
2 8
7 2
15 63 7 28 53 46 27 21
8 6 8 2 22 4 14 15
1 6
9
2689 3625 4500 1980 934 5029
1 5
235412
999864 821398 675724 890597 877680
2 8
4 1
1565 385 1200 2200 2274 2981 3200 816
800 450 94 300 216 394 718 597
1 6
2
4406 4059 4840 4588 3960 4704
1 4
314682
709969 988746 724667 962497
1 2
4
7676 6480
2 8
8 2
20043 18456 17804 17141 19707 16560 20240 18400
4140 4376 4600 5060 4714 4847 4681 4141
2 3
3 9
660 300 825
1620 2691 900
1 8
8
6115 3662 1760 6160 4800 2497 3320 800
2 5
8 6
8 33 38 47 72
26 32 66 6 36
2 4
149423 71231
993075 522541 927804 257040
810416 582755 960251 668347
2 8
319707 291956
959003 566417 999458 617422 838119 440727 388473 781156
996895 713714 976166 926012 691883 851208 784880 688915
2 4
5 9
2990 2755 2797 2700
4907 5328 5940 5382
1 8
5
11763 6750 6243 11172 5500 9115 13364 5946
1 2
6
3010 14246
2 2
10 7
73 42
30 55
1 1
8
773
2 8
8 10
10080 5040 17120 7417 19200 16754 7252 8250
21673 24000 7700 10630 9673 10935 15400 23622
2 7
1 1
2310 2231 1009 400 2750 421 1907
400 2250 407 1075 1890 1955 2344
2 8
7 9
636 16100 4315 10080 6190 3500 10090 6121
821 20700 5904 13842 6740 7942 15840 4500
1 5
4
44 4 4 24 4
1 7
7
77 7 7 7 7 7 77
1 3
4
5760 6678 6559
1 6
9
13464 12320 14597 12930 13473 12150
1 8
614642
893312 978331 835298 908047 533036 867989 237826 433648
2 7
111939 305715
921021 904095 814109 623711 984001 584587 884854
570720 981429 475371 834989 650849 858936 962742
1 4
9
99 19 25 72
1 5
3
3807 4263 3941 4197 4585
1 1
5
10000
1 8
156633
517491 947676 738353 436586 682959 745233 983987 886391
1 1
9
12600
1 6
3
3280 3334 3993 3663 3263 3609
1 6
1
275 550 104 573 200 401
2 8
381948 55557
967414 707746 578440 944470 851028 945862 817607 864124
534443 564852 898729 717735 834115 790009 501105 874298
1 1
114078
831204
2 5
9 5
2591 3240 1941 892 4500
1567 2200 1068 465 2500
2 5
6 6
6 42 18 66 18
42 6 18 17 54
2 5
8 8
10317 9409 8640 9616 9881
8943 10065 10553 10560 9616
2 2
3 8
615 3630
7920 1677
2 8
10 10
10 11 10 10 9 90 10 11
10 11 110 10 10 10 10 10
1 6
68276
678142 548677 393291 988259 577432 963596
2 1
4 8
4
8
1 1
3
33
2 5
442584 27207
669154 768853 695554 997103 777209
997540 755187 872508 108578 568553
2 6
28730 303028
916290 993188 432717 971822 532385 968210
316348 997648 880523 955954 737473 952026
2 6
4 2
1760 7600 5982 8528 5400 4706
2940 3300 4396 2343 3800 720
2 8
4 3
411 364 403 484 383 412 380 440
297 270 303 330 285 323 309 291
1 3
1000000
900001 900000 899999
2 4
8 4
8 8 72 8
4 4 4 44
1 8
2
1275 1288 1365 1540 1400 1351 1400 1523
1 4
6
600 1226 1620 2174
2 8
8 4
15840 17600 16553 18659 17600 17248 16274 18153
8658 9596 8800 8800 9680 8714 8303 8872
1 8
3
33 27 6 13 6 19 6 11
1 1
1
200
2 8
2 6
761 727 804 814 902 740 790 818
2370 2226 2525 2179 2620 2247 2412 2214
2 8
8 2
20658 20000 20000 20240 21515 21066 22000 19071
5173 5000 4906 5003 4500 5000 5296 4592
2 2
4 2
1755 1588
794 832
2 8
284176 895567
845427 257358 997459 976630 797576 251215 61707 936856
886451 660365 526621 885177 835174 943929 463808 358132
2 8
121528 585116
704288 692007 947250 870647 990424 405232 396431 960617
926830 472295 386863 882427 906611 780874 732211 879908
2 8
7 8
1260 700 3197 4410 2928 5365 2012 4200
1760 3454 4800 2360 3931 6176 6160 800
1 8
1
1102 1200 1320 1152 1286 1305 1081 1276
2 2
2 9
3300 4600
12150 20700
2 7
5 2
8391 9405 9107 8377 9405 8480 9307
3078 3618 3575 3182 3392 3078 3641
2 8
1 1
1000000 999999 999998 999997 999996 999995 999994 999993
999992 999991 999990 999989 999988 999987 999986 999985
2 5
1 1
1828 1828 1559 1700 1870
1700 1565 1554 1530 1853
2 4
6 1
11 42 18 66
9 7 3 2
1 6
6
12 30 38 19 42 54
1 2
6
54 27
2 6
1 4
189 110 328 400 464 540
2044 1600 1320 360 2640 744
2 4
5 6
4917 4050 4318 4500
5928 5940 5400 5103
2 8
10 4
25309 23059 25000 24497 25647 27500 22500 23357
9964 10622 11000 9000 10374 10000 9840 10164
1 1
1
2269
