40
100 752958722
278649863 618954550 220396013 722753749 426385822 419742032 988739158 154875746 147607043 458619249 400021271 165306657 513707592 299257218 964662229 66049853 208831869 390245370 149027547 677719955 150118876 958435465 657590041 672391946 774090147 845270941 201654962 49490348 852346626 380490882 65685921 37692513 188032484 663065055 333240630 741064243 508551177 223346028 86776924 169026448 143007423 677946495 341564637 97492434 937719110 723416788 984703397 564388234 463398237 112387551 283555574 401432641 484163407 28310483 602839846 320214399 961364510 548004067 948663603 581114882 218087070 939248811 302529120 767116162 392933328 362328759 977274173 850642538 966016589 223597986 557498677 985485841 303468446 980001100 534712532 472172382 616870828 560097608 734672837 50673359 860567545 637266728 586092111 739959076 96935308 664253281 553529107 159722001 60225209 13026231 779699733 960547111 274682426 505662043 950939378 203758612 375417376 574448476 704559106 575390352
100 746142615
134060860 598371646 239800251 554888875 298069733 97964195 504162307 493597952 130667465 703343572 401266903 813331230 897990244 720547337 580820342 353156700 562570045 670180854 728680048 808799652 817552173 790417329 952990358 443898253 596951566 710803416 797806404 29061723 330953920 96755006 42422352 855538502 159282486 304530744 726506686 38895083 346291860 185070202 798865575 566289087 49366800 666124050 929557744 309682660 378432831 147215881 376692183 785114707 370119036 850601912 812847332 904267622 975879059 766590700 928590443 343643531 645381289 795901998 957937309 587266318 300157792 475100585 162644032 33912459 660921220 545728401 654048745 593459500 994040652 541925260 6864841 377499843 871315279 162390961 759432853 151428123 860859585 643307698 65465423 449735685 334111233 12691697 658942687 480352009 283907675 138154731 879659444 392691786 375940301 382863155 393513794 550389862 227132893 211599257 266131296 574266216 503480019 895645285 648761441 832704430
100 493167136
783232683 791074056 828193776 843737072 435347489 32952343 813488098 7157848 777162321 482783947 2073592 730436576 508201624 253155085 287466095 816157898 682292024 750004785 522766489 666068958 261356960 217519200 611177497 148411466 456474979 150366950 659716023 896259665 185166638 647948104 965214300 994546257 232760993 956568550 550878551 221617642 830748911 636614937 848560187 105202388 66171346 385533939 598777980 900079208 391440203 819953287 718931270 958444173 978665201 758108318 821187996 145640501 125994952 166635473 231810177 565713484 179896559 679782310 387262094 284980539 373236321 917228433 821991211 129214218 517569647 7527335 497675583 551633075 702276535 65848454 985408987 45677087 901444598 417564102 599897612 875823021 618741220 711098289 756971264 636521692 431435681 701271851 917594464 427058320 826760108 819573799 868551305 66125520 724758373 985165068 41721084 150966602 249352843 563579649 731966067 148942913 563542729 469563763 382509561 383912869
100 322277704
167298196 256167638 912816748 772699331 775510909 244195904 708430851 566737862 355987156 946972264 468798270 922811047 750740402 853544858 671964471 999633969 394932891 302454110 697995849 138976031 431550064 826874702 717111467 24127370 834442386 796324245 337864950 685598035 450954699 312280293 149177457 328588729 373058396 314243989 264137486 445104213 4777717 654358990 51249199 575377896 160120454 499387658 368771218 38192804 572922814 228155555 498612441 710034791 60001597 149308945 168609838 167109653 684513713 244936838 890727641 340423494 539056171 888689379 938256945 979186665 906330954 22832817 115783164 43706863 797794808 140209542 549752652 436496414 589407373 226860259 994856253 740573902 251204912 122617954 978855577 932162406 458103484 678918664 451204556 606286832 297711804 627830160 625596438 301645755 143670456 982067805 644075016 128121558 423516349 923713992 906048042 116088338 716102045 72062534 669046942 137287638 383604495 325064355 240397997 432713273
100 678402903
62116028 120627419 833141339 154452692 428035937 915904742 561895760 266081262 958565235 882320011 860137508 437484823 331970114 681474862 278500795 397236379 814137410 900036408 815727003 496134526 421631095 12980066 665693381 320812218 878767916 24471857 179142378 453571012 841567940 548557911 133039130 438520667 18491284 927883929 235595776 507202741 792455100 147193063 715634519 66163064 82179256 862040296 464951114 41393982 45910534 678603516 384131932 390587673 390546147 740051259 569467086 425027948 424670994 936578747 256771809 49135963 454934038 512329121 275684777 403564081 736762364 108324749 424513323 410007324 749280882 421616841 418993540 404086185 445879086 771298054 604781279 666944347 184401889 749563940 413955271 559590799 548028952 624299399 274901684 200164400 640339925 788554706 63024865 101516681 979090826 708011182 13849674 81912537 671112120 186459814 52268704 280125979 871508287 312070439 329400700 973854508 437526974 54943790 292113101 624293693
100 259609976
980045748 944708587 619248094 135269981 902522739 240626059 675107054 522623477 697181011 501107011 830634640 237427438 75520377 763224156 948207659 45299884 322996643 430916499 41269700 407767168 337081004 732974065 259419272 719029351 324655300 795436061 872331451 420163241 440100763 122063826 493085163 332186298 650607991 940554424 660294177 843846119 443776772 966246701 76568088 467385124 338742620 559289060 973931110 685352804 221634064 42698542 795987910 548846283 381193041 928554625 114530332 624027292 250843402 216526526 922528973 247071684 685289315 900218743 810614681 107086679 368294608 254943814 82522715 575117185 8021849 498448342 586819447 134965954 102929980 104361541 601523113 356749942 354348412 573884576 69024548 777791944 759042955 574066469 497395288 281956759 999448151 323485169 38970200 511546138 7533495 869057871 81342897 434081466 18025451 413222494 158556804 543558029 155632021 969481410 99090517 83798807 476766345 398813926 677330956 723185722
100 455879096
661021957 445916304 276831501 327031512 757780390 269678881 676958827 147501978 144737030 488028729 111222847 402823456 528657923 107638528 44809440 215973614 570976577 567583691 138963978 417105446 152737981 116940503 689707486 945804737 57965085 201117922 384867002 474794060 985225742 301025599 360229030 896735514 774209566 826077663 338426195 877568866 762138700 184514627 249753106 599378990 404384070 286579489 873288422 925193766 47333958 140734573 626974098 861842882 54281077 867825193 905789769 831230236 538366978 306080276 303141115 544081455 756208818 331026764 269066428 556662468 884811879 202164767 162276236 843711431 127799700 214487334 628613891 702580260 769212333 167240575 453834914 386461951 317830586 539584989 12721377 866158493 243652081 764513721 898470780 917230512 574143824 523024121 420512983 117400549 395235831 528998794 358368536 468129290 522936549 794344740 121360048 431111936 915448199 693090638 714567112 202219303 124303253 29576992 797394066 832846624
100 512120683
924393839 92630549 887040503 413990279 519327818 513399651 998781990 293358900 436982623 300429375 991695098 432555985 351835917 982518644 361787759 781651785 44875687 448475600 598800906 856118798 160484601 179643712 974867594 45880527 22722979 471013753 624739948 825017877 810502074 741855240 214075089 967119655 65624156 405109830 649749986 430393572 533472480 703410271 875908013 15599144 359586547 174770390 85953927 493915366 129664950 998555952 563612282 710571994 352779353 420567519 79427567 581101393 198593160 976727827 351636082 744750128 117762956 841159977 391267301 48314066 888659703 173764113 482856827 695127383 86354286 24575444 366931829 946726087 332768658 931394188 248179305 341465417 572567587 583201763 496532252 985714212 93689785 480952228 916215578 24167027 907401471 914167954 472238525 389934555 662427673 632973697 768526495 88896330 53473749 904999859 312630616 692312504 312142970 827593948 126939442 185822434 691913564 390826544 407561081 105089507
100 631624123
616886195 377803337 421385166 172388214 737962150 8533806 615391398 480195575 365921871 651060343 636810729 924944399 367100274 140912595 974491749 701525589 92922272 32699710 453380590 256048949 278035500 893252339 427768800 618763572 555866802 29322448 744973639 456262321 310709818 293800648 702863242 73391147 811126071 392542905 290515277 536364618 50853359 217546342 924465524 624439891 153135098 608700755 687551879 253939517 675819887 767368105 945042696 686681354 152447693 484296846 598991292 358126834 954180492 849040559 353588624 723633856 950034537 802621594 616521412 708639703 263560167 159129077 169485758 72121223 948197101 563419582 113818329 974557370 850397319 438127132 650672230 875375931 108234187 828940699 102913851 669334745 205700461 173829283 942943686 788498697 84279752 58292286 303814629 826412972 694809357 344736408 119210656 962085512 38954282 566881421 586330081 248231765 601024930 215825821 360879725 994006021 439214998 615430657 305742416 112400306
100 653549777
970485326 836284036 714320561 833624616 723615362 249892648 125239793 746126708 684253879 517933396 776205255 859677909 828022716 624359951 205267882 855314448 343072786 377311866 603460694 444208926 151732817 935603089 283515898 851797051 402440465 274351001 892408367 468060975 108907831 230119747 590269805 868086867 830543381 134948921 113794427 222008251 589494068 992788357 971193996 94843761 993970864 215958805 354700403 48948025 810124827 388553857 773002215 591465870 155611843 138691573 96142213 238118791 702281723 668191380 501816960 34882238 552768138 862523511 431184151 449264361 357484281 657178819 637218878 454134132 927663592 908118388 29134529 693073795 510565525 983259631 265820380 350284429 406117871 508616933 450238063 935774012 580902686 234567873 41672225 13886609 501348786 300942497 312449132 970216258 133977535 352151014 165805145 162352001 633131961 78912189 669240113 726970558 561604206 521929635 737359480 336792045 578739928 900566271 121284434 902006440
100 359419329
79928421 80900346 172352213 872871193 745857784 832000921 193664791 217953317 566042948 453979553 318200265 820851286 417297543 947915575 56541785 344729688 667002620 320156598 575512578 742313243 866782528 59941834 431653337 314019519 538849823 788680224 884188236 771257453 113446019 357034085 680336416 113283440 139665785 654467280 421420366 220042152 140096920 97345066 388119751 520150094 972140355 944398685 67089013 624932637 351039848 906119273 144306663 574014060 680817696 992062358 911737309 580409673 545771857 159693197 492636801 19986587 649247009 858332694 334021371 957177560 947812685 422407338 104507299 209008864 773643137 204916826 681185502 762830263 526495210 836499633 204632769 569657554 932036847 55362485 770172889 922383843 992852822 806720701 962979671 632730550 644373562 310174177 90439757 121383661 445296777 99926743 567511584 979972589 161830479 401433780 570795143 281764226 763323695 430942192 572337409 549733017 839891387 858080150 851289500 146123023
100 224933772
381476400 47518851 844318063 787429590 342079755 648372827 490409372 389520308 570252959 27133766 842526309 895353024 701290821 312803999 637638509 331967581 983123638 763712088 673716395 637405243 701212913 600999785 125061430 265704490 922868543 806333859 501094656 483025077 220439873 82492457 134772672 955431201 816856648 407796779 262897162 262655326 246121694 333954072 103217022 451553917 77102212 590452281 591577521 374300015 728268835 386411202 62032875 118138193 934698900 217765436 856767749 94368063 177573105 508717780 523720859 780476616 922457421 578613574 864561047 535745896 147278171 7384296 169080436 487760502 892361094 887095109 78496377 293494042 49906838 374983183 85845887 649169566 660495066 222162479 560303032 110760633 9422264 750761416 537435656 536457342 744300985 382956464 548326177 2674437 225724708 40404609 777858096 308138868 884075921 482420546 340197906 667508121 469393026 567471126 304275747 69717916 421371846 103817020 481938921 841173727
100 307914826
768538833 68231355 559715717 131919549 207598184 433872998 955410627 948414749 412960227 771054353 171696006 41177918 328103705 791444912 764321707 459058120 166405999 262035794 851956485 109237013 770357509 409418122 567486292 34785278 418337766 179776541 93023940 917886733 490585116 689388787 905605244 268822495 696261930 228542517 975762153 314725109 988610460 870754888 18126525 606531612 822447469 359724120 471115695 711366194 168501900 626330204 141289321 776026215 539954040 610659797 254965847 841781227 629982436 731936714 537557318 359120712 500745064 524930440 713581784 27821644 340849058 37523895 457829634 723571440 865449110 902873511 344915988 99561189 815682759 449596599 470447660 295651111 243909269 245424873 286789544 410633389 938302428 856120099 866283379 792007563 38487220 316997725 377932693 879925319 434422941 63824018 638840059 964325217 690985199 616641441 813980046 463680021 157173105 990304882 265682555 784923575 901894487 747544255 845917085 265628389
100 281414217
41728132 960343456 90357442 140212137 959314736 597871958 384557564 445147170 126923929 420818285 644624966 658647062 921574221 989334424 23851333 659591202 577904315 289148500 801625092 264033453 380590772 408575990 199041319 635616553 6767640 138478007 253604388 979742319 501865970 508738903 190758173 10203015 600654990 510593347 996759089 356654269 287575252 739713183 475108205 465952060 254282496 519178047 564061271 195823157 169355081 805032960 235598884 970458 241831222 125332373 323990173 458395756 44291993 1594937 900823445 633152142 761302138 454740889 133444498 820836730 344267571 404815245 943281201 618185027 230060112 634421951 57992072 410980875 992575336 667197064 372015951 838191132 814040295 335673033 9750957 861412726 844514720 3218162 466261473 201734681 902879123 252633930 737911097 376533597 184748730 732362418 965911022 599060053 609769902 363606947 595352132 832834363 606268685 654271476 121684490 849467251 575896846 945876244 965763045 534933130
100 747040888
824618009 8395123 574634158 753316422 485799041 644355461 708618960 991843980 39410720 788637422 758083976 988479416 931709818 917957607 91633641 666904149 566747604 433436297 497697695 668510930 458932020 801210974 628968389 71844933 539181589 231922448 159768820 213988544 160283706 285515880 898638476 37455118 931328344 454693794 78261114 244238808 163276939 623217176 698949690 88006958 257292063 607216074 570359183 574969525 837268156 844354947 674558868 736313869 30050850 182563103 9149242 512439948 468065351 866422201 288108869 23407036 379426734 502789226 214134833 253876594 484586641 494630417 831560275 753894840 889998947 720628859 57151073 477016025 839696493 847394833 503627210 943530429 734486608 409690738 411218867 851715947 230851791 53998864 234576778 694826642 557363580 423454951 183937695 977720603 276366639 386198529 569389768 64906144 166584925 54854079 864812074 660487714 409082343 445073097 603420317 762661646 775655799 816464344 684970579 116639298
100 787203875
197542844 896617376 182656017 678935894 65618814 777953341 58374613 455203334 436392923 792555245 325427870 268212448 519308192 696513014 61131691 310692723 853839672 477528202 503800418 151239092 992244929 310431100 784842415 982582760 843139496 534448086 289413511 806270422 648557222 76060148 414387448 369028286 117937481 907622768 359820737 526837576 1281678 298784710 210747825 608245189 511015155 609702811 730192003 262298834 539384204 392275266 889774152 748560083 542288626 451968923 921816128 338936142 181170161 965400206 794958946 887111745 111774962 200073258 835796399 531170728 488539830 252104192 806646112 360332776 378167797 956399585 150274968 611685424 336692278 534294116 309411045 555054962 266780377 895555230 640223937 382542119 580239097 522543581 443198556 450864231 644673935 540853428 263981796 196588299 154244020 75451307 187858125 152537275 112663822 472708992 415062614 801208421 462988312 679577097 119705360 258910964 803056699 369859228 884131038 582984620
100 242000298
278088729 411867806 7994511 142557879 366761166 72155766 285614931 325176270 412416828 306872648 589231381 756874702 384932169 886496794 947686402 988122396 610057814 206088756 302716491 768541460 997737694 499021602 863983286 119231502 508202625 92066651 587203280 775849871 381312974 579485420 210379869 638412544 860213937 208863933 366585206 128985623 255987285 54030421 787482854 3295541 902243195 827361005 700246995 165836345 825831234 44333719 78056144 793080303 172018958 270788568 192998886 163770472 581414547 814443160 244262605 779067127 547884521 888763010 634355254 274694516 484952486 509765060 943863297 832931409 96492780 950818837 896660766 176068236 519911588 818700780 732135111 556027394 418605903 299420950 866298266 170376689 798774608 698146941 293400268 463868906 14010508 794122978 603830913 110524406 386486535 46609398 56997998 45770777 964601329 587518080 581101102 367224276 419675167 512788339 518343056 392478135 883497709 867315587 69343566 875012398
100 147672954
901987908 273168715 353318179 538653457 636971493 745164570 281993597 948144894 73885916 980292520 849737580 595362743 170486349 260684008 690829509 905934148 833338892 446444874 49883382 893820839 850889989 211466908 932393509 237599678 364910836 136352227 905817565 781077895 473820132 286878981 931459022 628803376 418387870 316195953 112022601 520954263 250512735 571870949 749515043 301444828 775004401 97625884 890715413 607225561 731363522 771861534 249188819 252104331 827513548 486543988 50158818 420870713 19460184 981191559 296782965 690521000 340775207 115718501 173742622 500619266 839347006 500915703 474324763 787006936 48833498 220934204 176974873 854290396 148661408 169875247 655421413 261467943 696929832 748438555 118816439 753264106 320751495 325167949 506236157 593049303 887163409 653713234 953564348 987276145 236720164 510588310 609343193 437196311 19412988 421501601 180179056 134794234 398128328 248895777 462097823 274088698 623301122 103708478 558392063 510429318
100 594886661
394898423 103442924 657638301 831122575 788690875 723940881 271021629 862375121 543518860 369769505 15607259 609482345 580693319 613455857 185633773 547351356 487048618 550286772 538245189 611591012 739778562 834877409 727159807 989696191 520627180 863339616 448034056 286340732 844727742 129962985 217043018 766775886 995806840 998162643 492264987 550270310 295926047 156153571 448029289 786647429 338321564 574821191 475894129 51732096 164571798 525311890 817435009 635439920 276464051 726737343 136252504 553421706 20146874 898838307 855108099 560021015 376283117 667942111 310495395 925351260 275906826 984680898 17647380 413555876 152726488 248831373 613675505 582530677 121190871 635363463 251425310 330895048 102257484 751597761 273269448 164957372 358983280 675427712 825124393 995315291 45904608 812594136 9876682 117990399 993710481 663621312 746629012 96968534 143054544 932243973 173987193 627983936 845658176 522678030 510740604 353640667 557173812 62338254 899005608 915740425
100 911636385
234904332 514249049 641100588 475312033 805357456 451164223 268549114 625568860 690150728 201037735 700855406 842817719 315180105 879446653 463312690 974804216 899656981 419845395 489105177 502202362 516706972 439476134 188946899 461376271 623441374 485236873 579579455 240857157 919628781 607783560 296645026 776422104 909383968 83678906 811000276 298345087 368776094 642678366 188353025 212457090 478079899 471399674 452903817 731206238 473131788 785166218 530478071 643231377 47427915 378836452 657516832 642492859 409900432 413538064 394929413 795428199 325302151 179724318 851870660 320120583 871584768 27691958 705940079 82367168 904392709 924433302 933433751 231501200 68446377 164967603 606028122 256978615 231492370 276648088 24122464 45307298 986572317 457740662 988244483 838275157 954758803 936348078 193429243 540792330 950266729 654152167 366521673 495845905 688749493 15572077 973042937 189051777 790807707 868232443 340872322 450387941 765459596 370536649 826813529 548698486
100 851732468
298976871 574785000 882460312 772808330 400538217 411000490 133252345 389415601 349622116 808855882 867561489 191479835 13595503 365361781 935236690 834262715 165147750 132100440 250240543 557911630 437587846 542751707 52874301 191924667 416976346 466170908 363259928 935775766 573734523 279847703 616035669 630927134 439545998 986542690 655781932 361563078 310968931 767984000 549728512 243151678 233269329 106430304 339127378 206716195 105481448 997571942 777212204 502870662 405635633 616125227 600311846 238436209 576572987 990786857 414144622 756225164 521910700 690535646 355831985 934367310 47740562 197476579 815681079 69774413 192820214 236634356 751933838 27052814 709579850 573673612 523293784 397163751 582371929 7088865 324642301 331157542 203624330 846158106 86443219 419404404 688958704 860389267 530140133 957609296 679535858 377599460 54354148 448759141 572398068 899556768 839652379 620433286 412152016 615361202 195411116 35792750 290749226 269352965 13895982 868847093
100 245638104
750159391 793290813 831962021 92831443 203148096 656064281 569484122 666144556 82987080 552600835 675752595 604092427 936427581 245408606 187351296 667336447 858071783 390238556 815220754 182280209 303174698 454654746 810023082 734021234 902860499 985011735 967010727 811677750 288849552 40408317 934271365 832262124 217596127 173766301 938799314 67098454 698178113 864777854 476387763 721535180 484870026 782614585 489410989 346955934 163899784 16340859 475724436 369952597 8059820 368456304 432677443 879114410 198675228 686566884 942463407 295504645 983267732 97940787 189970945 218136361 689053554 757806373 377295005 42578763 618329470 843490471 386496301 762661280 306609292 120252843 969158334 993293930 913850794 93685574 697410183 520560113 965243758 463067149 570121451 886519640 509287300 597058131 803617930 920393249 607730874 55156956 633586896 531029243 231302894 643294670 83830723 600237326 674806909 258251403 32481627 727063654 405319581 446832226 728626464 320409313
100 629844559
713063156 63343305 887806978 399297970 439383514 965263617 104989654 989156701 421903295 330260887 520200583 527819337 303451306 708849061 91995424 954188443 456901757 434847890 563172514 209903575 855467058 531358387 663314623 36422120 368921009 318487021 655599391 61203948 970346530 115240532 518411533 734440685 249712138 256675081 796224145 533714826 915810952 521095279 168347361 89893340 528597242 541872543 809399599 313033784 563630140 72417989 371355604 549402342 940486203 772875211 948417825 11984337 165453951 110505739 774377501 181704769 400028683 851384859 30376962 120896493 309664226 43785707 18810172 306662764 811849355 785759899 278107200 46776225 912624916 558280598 38377491 935806478 266500530 473279175 681306333 313594516 721958788 350280840 472791980 296503020 947131418 106197049 120717745 197471319 166822708 506427197 568986735 139206399 482297581 614519377 133686144 64426094 490718317 47450868 780229114 484811536 523062371 502736836 501184429 777870241
100 794310790
324579379 636777427 382205606 734497720 12611347 745483808 692174776 429199406 460782985 459745981 49747844 378592879 733873943 173765076 203467177 923067962 821338853 139840056 305422159 216773165 138900801 564478644 298105540 424594455 973951397 445088161 219049662 693050061 196494797 790532145 219221953 849096411 694921739 502192230 622552039 469419623 738512140 462973600 154211362 760943389 876811959 710006994 21514596 154773396 83938300 685833216 756844375 873685793 576761938 561743575 701723519 362896780 195762271 561097077 655409989 760100735 338671887 957611151 760546323 567523186 526434146 999124715 232704609 670250841 240524029 200651433 683671140 231681713 551213037 734047554 184555822 358365254 985628695 544478770 339961206 428893808 542964049 143332144 340656155 288118182 688243787 345363870 116288124 634751223 88808626 856325173 653334140 133824663 846782241 862451305 130747736 780900990 702427277 586688176 234509244 877687245 477302385 351263756 914249368 883286867
100 2162077
525162663 322472757 842714384 377187753 343358266 377268085 651283502 221135871 226516182 217136687 195339744 616954996 472428142 879279400 181070277 882836592 597953387 581442215 384198856 547317294 549846478 384899472 688761732 603299819 403654833 655937977 398940520 309969526 462273962 951591424 191700294 229082777 457369289 285956106 163081125 22891113 273573740 257563470 745450361 479057088 2050639 912688792 620266060 645314618 935407993 163945994 229999135 707408777 53438967 994850653 879348998 769821541 530050513 335969574 452315599 140263191 633711025 239414566 973532921 687420289 978327566 341313976 758861910 274924759 25436393 966256967 159585708 186472037 716198276 158179165 609262852 340389917 835991854 905141768 545266656 637157686 764633412 43447115 667891826 239708840 425938843 691531743 256530560 467423309 72242426 421878753 699032265 121399715 833640507 22817934 389180089 34159175 284030550 58030073 500729522 660736663 153826883 345341302 619878225 969151026
100 4360287
43527099 991210502 895259803 385587801 538959082 933829688 624908745 790702919 815157914 375629779 590263911 571522740 733824082 261481447 286795824 84783417 291438601 202682333 603557641 267224703 38185993 352831530 693380342 768999076 575103678 56359368 777961782 404412246 884529993 483330803 419292111 423568890 698740801 235348554 382411744 700321242 361270757 81835508 533283345 488049066 74123520 330696797 18482593 647188155 798916178 462636435 550206469 796548626 213933699 575953247 862388283 142658969 16320585 701926323 966174294 690695570 297830160 126260727 810484124 482599714 155867906 220496500 906172927 331827111 956337669 166695022 872781940 498475529 879069704 586474582 723512660 209603093 669398989 115508576 193101184 707489197 334348937 46192187 970082899 112467243 506152900 981413156 190478547 308576747 620942521 276633142 407248305 996814478 269174260 691716174 402491083 235010030 271351385 50683631 332181161 853627021 424523871 686655483 690850487 632221157
100 589854496
51730941 917478923 627459118 852440587 652785191 473259981 900812010 508825140 258685097 356346633 251637973 156177829 698016881 976446815 174454750 30017953 597596180 710884591 679704528 759446717 875967463 229301269 187353530 183983500 488502630 938251708 618715358 783327416 339474163 282965327 647693455 355341701 337861742 522612748 454421960 63934234 563019430 456136160 968157331 803373161 506436296 487989338 10489163 335369542 150853110 78832202 573334505 74236817 157726411 823609068 826927691 975770892 11145960 872774441 713887034 822429672 730125394 443475619 363937957 714533483 854544623 117484595 169350978 975719771 708653178 896296273 818316088 175404133 522024856 110520517 466998524 141460021 742727261 876331367 253010421 387978125 218812106 851983988 33130390 409670429 364917204 544478542 625601005 515865095 456037637 671922563 344195742 465087302 808725715 631992288 333808840 119543811 92198203 253623848 948828538 388951702 318638361 34769393 626716364 254556838
100 260516115
397930372 552211962 47205894 356610545 685467670 233043632 134814593 619764020 325908909 603617567 878141406 410345229 954267529 349616280 310066082 491883590 653485883 519682135 36730615 552100531 353228786 366678419 890032568 776711678 347454713 49261819 489103413 927502829 864058720 69339765 184042713 225267625 778573553 149154315 966986833 992266581 578395111 159254551 770569967 438878932 209381149 845323282 482816806 28374721 455667434 709198583 137930675 904007569 638762457 897068112 665152478 515087259 589985749 702456307 907287329 31251953 662179394 270494217 9155833 636205852 743940219 207311764 755705301 256569145 419574854 652873782 631771677 805113214 382629447 317799501 913488479 494231333 749112168 597851684 342719382 507905504 883861614 861657848 321044244 638256131 911331145 585095845 288740372 966990608 404187287 668955455 635281876 76117246 241866986 935734880 330087188 307900895 150098718 134364116 694938714 2069385 89617982 226247661 608799868 802793652
100 77426906
332817461 521378122 320962956 983579633 170921146 765975091 992134066 359736926 399381825 147390340 800521546 949449974 370899703 724874708 158844374 918571393 788714693 852381858 750619400 17591907 555654432 563246229 446894568 987712314 605587585 344132615 614748053 902912970 340649998 418287523 657613953 252857980 518250592 560829225 578513685 63717723 967777417 983410975 233266141 902980364 643147811 716380320 842485162 788344541 529565642 358450921 779199016 409489408 536094340 83497993 300903290 373865803 858180468 785201746 521772475 769571233 74483555 333250643 377992049 826788532 151227038 89221096 19086929 981094303 489776387 547663566 431199382 810070478 146361024 95126651 950793976 805303718 619115718 847639036 374444097 839274112 720761067 658550027 458146672 247136664 564933599 205258645 366818630 257152005 117384234 283748150 394677513 733048847 39056751 808942452 989234169 634526774 605418927 406477610 751753326 553926715 697293392 861390860 298568154 981902076
100 927251540
969128538 263128385 440967690 132704017 495599572 754750086 10541433 410757650 682498363 48810166 415933528 875103971 130855385 261854933 945968394 722402466 761934924 863710070 206028238 152986054 698150535 771013728 337418572 105892483 316267203 199884791 212638108 95885710 820517382 141980720 859370208 359981873 476244597 319885125 595805061 942130261 925850941 124447988 621784662 528998064 384136080 322291197 356558388 760132287 573300641 759422804 474563543 144622678 805784933 831524249 935358468 997680791 92539917 828916022 229101005 198114811 925709814 335075207 816436815 295714782 542111979 914655724 590240268 540517643 189439959 55951655 398859374 810970261 666049872 3838134 796551526 637486937 241925408 677030174 768849975 375859339 414455341 577286285 532591842 556844400 725321249 68015430 290100777 988993133 206622252 861689418 267441956 647328575 90784120 397690251 16420447 590775735 308011173 326069880 986886086 469480357 732050930 816040745 570692329 517348986
100 360563430
663593283 478572807 801946800 34972724 297871532 755755383 415509744 60066048 853241667 783659470 348423529 802483366 259592416 570393534 474096549 624554947 601247135 333895392 327750541 788509699 751530799 720186141 268359621 987417687 205775791 329475764 915855528 690144089 299369618 643808409 598414596 6593957 15242856 196280970 61727966 589442624 488153978 954020410 908750721 105934035 851932213 587262528 237542453 614030782 667996919 788292369 48418758 755676347 512789537 844925411 130803795 482145354 242941788 728839287 609032631 943407142 210213186 814529114 829196933 968395769 839899855 725365655 760696430 209433258 185244874 341829573 787240510 63311446 508665568 884653926 136400970 647226726 425144671 221816507 936577487 164268272 482643688 654328840 319420769 417483423 281057006 160179182 177354553 454444208 513004615 116269243 763652169 286403569 587248340 118320825 379229439 673624864 124823477 940354953 266034180 126566558 826566099 28109196 428785908 326167346
100 1051859
985107312 247010780 628135611 708524441 483577069 57000683 21125282 792261801 444764360 460763454 555884346 495108346 411713511 687338763 679720674 548011103 306252222 696428643 68975632 578177404 500836942 476063106 390344744 505424488 462776106 522403249 484789719 955782327 810010929 337702173 454534493 225542933 993253423 416431564 295949694 913168402 549218942 745919768 29427547 59268560 742526888 494141768 142483981 657557371 823345093 178516519 713109967 253016190 586313507 578555456 520313878 331680553 359810277 747989942 500214918 509044207 856666036 122711124 245748336 961173820 572210965 65342955 982250873 107062187 6228962 330341414 501854923 995281948 391389069 766552272 998792161 560332455 667001097 9707072 835650517 6695174 333579126 732787373 682079395 284259588 809293283 231773529 369468820 231455474 817388296 122853941 865732657 245263481 916216646 786905488 56502366 426507819 500171433 68253727 487057596 677183933 511890896 35421794 651328410 493003680
100 676661596
717828019 861627122 819761235 579763295 959981424 664679456 350103205 912339426 493519745 175465081 123878663 440631729 961488748 151880538 340437436 695874135 750795399 289673892 883375021 464608758 256591443 79065302 604483581 710049906 572284343 60161023 598747371 522649476 158466585 494804278 298157332 81458964 189075716 607597992 91465264 370146408 549707586 651692179 857406872 458174485 515629452 332924056 422696901 611440408 932623704 985876090 538682685 916373190 146620161 981309798 761095498 745747903 767953389 28394923 420070154 638762717 257143541 109711330 7478952 899820402 65932085 827453730 753872842 998715468 877307749 42419700 251556014 353890757 60415274 970291028 146166550 99103220 432267020 425200536 948979306 923667387 656368402 993043174 777426203 586408254 521478338 682374182 376029316 177156787 733708781 552409430 313505575 160680794 187527839 452702547 113002867 439996257 644213227 957586471 392242401 688175723 579051215 423981434 734132659 890204004
100 734320077
184791928 855957916 176329133 835143249 661992278 313480883 342752854 79415617 496402767 982394316 264100368 332285127 421070699 378342064 383557904 451424415 576716055 265006688 324898320 728914125 90875221 166362919 607712727 857288162 706170294 454889993 474680550 32958136 260803584 344616173 232386968 258910515 887222200 852088178 336686411 826416267 199700183 342013539 71716503 238928547 970752722 81265177 691125072 470308231 848902499 107711130 223142529 579244408 8684497 236751309 2335161 158974747 409234340 161289879 643444856 18429010 248245189 319040972 128972955 207102285 838800334 309794718 818612034 151786595 750007349 5189854 445062928 568982522 41655654 557141638 251724232 234702516 193290185 85969773 758161404 9610044 475237847 137404496 8385663 598459164 231747465 895436143 24273639 24052275 342281013 73412222 849676176 725932321 208643322 318257401 578171078 880659211 213040584 864614219 400128214 660958005 262653144 539338477 720300883 843712646
100 662648203
654160007 537588754 451542860 985027077 767632645 965684562 323264567 403128476 633834813 543191164 110840693 310655310 530513792 975354820 943364192 285521079 794559759 809505583 676595127 155513678 719130607 360339201 723398253 978970560 371065021 21661933 328675966 685841560 97203400 746956901 935899370 417103613 164673017 935810961 577587459 357847389 572730779 39025199 574648368 107727660 526411610 322803845 574808509 775066238 467330385 570003902 682526793 889259399 456764023 375436926 468093385 729832895 43705757 688198968 943517596 293820806 814190502 472572300 613962056 745970712 637008597 637423008 305925077 886877913 607291794 693737080 145982293 594702831 397767361 585516804 712790301 755534561 234857215 568867468 629102069 396326762 785530693 948332016 511640176 801061119 339135140 439416568 229077538 721766475 278863516 206066476 373397857 476474050 992293365 283766654 543656887 100158480 425063143 828677657 470719064 888988602 16878769 687930596 167774445 773593306
100 424021610
87823963 491492038 871247219 662646626 712558825 494975680 474838290 59096899 547190835 508290114 865858486 960932125 812900938 406835573 197592029 408345470 584158603 608014398 401225318 320339224 669508243 602409466 114000708 41859917 612631821 330471419 406179559 98148404 740113467 379447994 97600097 780557572 738046870 377039510 251311178 947924530 357830319 59119850 566304691 711090797 898559568 417377151 445102531 775476540 677798401 139226355 612162206 421842084 273127035 480643132 432720166 79916199 766549127 453254082 754513367 485414497 377491330 829387303 50014805 382087407 88796121 376689886 318983433 167742841 410690017 85300915 222885255 435861429 155524396 249667500 50515152 525038754 41709707 690134521 421779656 252131093 157306935 338524169 364061516 473405467 718309213 984337476 825021370 259470335 946727828 17683898 14008445 284792788 622526143 765896681 570433200 528443016 9105045 184217285 622294676 521869683 98393719 277359691 364786524 592497487
100 916341100
176300778 266317689 23459535 430127981 907681413 38206493 76414606 31474427 502382275 328107563 38967162 465325787 576609338 663778194 104458646 551668517 59513098 221015013 393006120 71292470 938092467 813335286 389627716 679234301 522072136 515933709 857492422 67839846 899909974 153737375 879947245 973737645 771564030 557064368 542008436 718019788 801561835 829342355 39046416 979477406 937593840 253318362 120143868 437789119 531466038 63117229 432495708 520439091 517836031 970201166 38880622 56344678 971780404 521205017 978248633 362965492 876689973 344225235 908055845 391747704 180714071 8574761 131564453 348644901 448160318 65229517 693761758 19544971 121769758 386438859 750106682 230170743 181968598 413528715 133698631 684774106 693191419 951838598 147768264 458954907 83438002 337053331 550003815 929708808 114856754 823602568 1957241 250359013 578815735 179042945 841329815 457336601 921286510 647298712 798763335 929019079 121753909 771498968 989628801 466236521
100 369355472
412950738 398669333 131397172 220094485 808709879 874376080 558251690 387506386 293474528 669774074 924851376 196456971 449100938 308309703 843660741 458570946 201855646 233788148 624557751 63272276 443402746 440729236 942726814 545109045 292770081 308884233 534669887 614765380 204679553 563020197 921692451 962209797 681531743 89599436 670487265 938383998 418606643 709614324 306146875 949226488 443705552 862852627 285341208 509268872 916478439 260879630 472185572 338989009 955102595 470448133 919898264 537710821 365071051 402964245 925952726 972221502 455942520 586288128 927324404 499825646 339706193 943486311 182826834 730454331 748081623 962641580 514925228 359501503 637822439 905276743 39964303 492241322 927641273 675331263 619566725 580550120 155388028 433457943 628630606 31890451 836698662 195680879 659662786 734231420 643121933 383981631 597138746 278567499 163646711 698265763 482441479 832318515 782289920 806321230 609520295 500219242 680025793 554886877 761187250 953836860
100 745954403
112684070 701166570 49825852 430483830 427656942 610069548 689739789 783397520 345402607 816833474 22484577 957657523 895433953 663126985 144025315 283823525 448595415 87332398 364099992 365502834 236357730 195854792 939556677 422835264 207645788 709951403 121320044 65810968 119347484 900524327 600501152 672270694 674793746 285936049 724014592 494514309 609836934 303747590 215464992 773912084 907398958 495169980 818244104 881432289 459956902 874660993 886855968 143194245 465494981 216395717 231430378 467554480 397087259 588334027 509596674 916829278 761609894 626990589 222838042 717705540 488749505 623928822 664050036 444878280 216332323 350213884 282863777 609497904 939112394 649511007 673986591 144847826 871867407 590187908 458103876 741187750 377610689 58124388 962878362 332984796 823095435 978125799 600315987 902951768 669093949 132946672 275183436 86459720 776339376 807185314 732904416 982846346 80909548 497759452 285162579 283470137 831119944 373365824 665099967 109743019
100 591797216
277358064 204081852 815983975 542409127 86582553 595687073 806899351 130230152 768408924 539218590 703485506 664112227 889853247 894610106 510623706 23612835 761098269 775784332 83385651 75030449 196404058 833158528 131927080 916606591 691140245 63938278 374107956 305025330 174633739 910067806 4244865 393024422 853135344 741187580 545737372 774043947 784332013 360542641 582511396 537259600 468284086 956229568 7930453 267966725 29418910 318734120 191056301 603149347 774538874 259857303 70021676 597581493 581714316 34712570 395393159 444199536 72154773 899377384 851268882 22644275 221579118 501874022 955596413 858341118 534973725 310461085 810976883 148665667 348872734 736579759 239280822 400555628 193272936 546126052 606746364 240174490 825228076 863960356 887187681 372406126 872881977 770958609 530486456 914776437 840046131 406663372 811310106 818422774 345794422 101537836 701889175 884954629 509273759 559867122 315680483 966410065 633156 149589336 732993000 718957826
