100
4 2
5 2
6 2
1000 1000
1000 1
500 256
1000 498
740 692
396 335
1000 500
945 714
500 128
306 263
999 488
712 584
500 2
500 244
789 753
570 525
1000 511
500 127
500 175
500 245
342 263
1000 488
905 747
845 694
1000 466
899 736
981 760
999 512
880 770
500 253
500 500
999 999
1 1
500 117
999 497
500 77
1000 512
436 402
1000 127
500 255
5 1
999 487
1000 256
999 456
942 758
1000 489
494 395
646 499
999 2
413 361
4 1
999 255
500 116
439 345
528 460
999 498
480 384
999 998
999 499
283 247
858 671
661 496
2 1
500 249
1000 506
867 681
999 504
999 511
999 256
1000 128
1000 2
999 1
999 128
500 248
661 612
2 2
1000 999
3 1
509 447
718 707
867 757
500 499
1000 255
500 1
611 564
1000 499
3 2
407 347
961 752
984 900
412 383
426 390
500 250
999 127
636 527
355 311
282 276
