1000
4 64 60
23 65 87
46 60 37
36 67 58
73 67 79
12 55 55
55 2 71
76 21 60
7 79 5
33 60 68
77 67 94
72 40 83
99 58 92
79 40 83
7 29 92
5 100 52
5 5 86
32 68 96
83 89 31
0 55 55
20 28 98
30 15 68
44 33 42
38 4 1
46 83 61
40 76 92
31 15 100
14 65 87
83 77 98
98 22 42
38 91 22
45 38 11
21 6 39
87 66 72
82 86 16
53 70 66
71 28 4
85 85 71
95 11 94
35 72 76
4 17 11
94 54 91
34 78 21
34 54 33
50 95 41
65 19 26
4 92 13
33 55 85
38 55 3
91 65 22
4 64 27
40 79 88
10 33 56
51 76 26
55 32 37
90 69 60
61 58 61
58 91 89
74 98 45
54 13 86
53 66 72
79 100 64
60 5 38
43 54 4
35 68 35
67 19 16
57 71 100
30 41 28
91 22 82
60 52 78
100 17 30
88 5 55
8 61 3
89 99 82
21 26 87
22 89 58
25 25 97
8 88 1
82 55 91
90 98 72
8 47 90
18 66 28
50 91 58
58 63 62
21 66 14
68 88 23
70 35 40
66 96 69
69 96 3
97 40 88
39 68 89
36 98 27
30 17 52
48 48 69
12 83 57
75 31 59
25 68 86
37 33 85
26 26 94
62 57 13
45 3 87
99 99 99
30 74 67
77 41 62
69 3 81
80 53 38
56 43 8
55 36 81
2 47 93
67 53 15
16 86 48
22 88 73
24 60 67
71 75 75
41 31 52
17 26 74
8 7 32
11 60 98
86 98 75
57 66 7
23 17 75
72 36 27
91 88 3
47 88 70
35 16 42
56 1 93
31 37 19
65 18 82
79 94 60
73 100 14
52 72 19
24 66 29
7 95 21
95 24 55
64 20 30
75 71 84
1 52 5
98 85 38
31 47 82
75 68 11
94 11 37
25 40 82
23 7 3
2 100 54
72 53 57
20 11 46
21 89 97
23 79 47
33 34 86
10 34 82
50 58 100
56 80 4
81 64 70
50 42 68
78 13 34
87 81 48
76 85 40
47 92 81
100 64 45
93 37 34
75 93 5
70 29 55
37 54 52
41 20 71
0 54 4
38 15 17
25 23 43
42 63 85
68 45 5
100 45 18
81 8 37
92 55 47
78 22 46
77 28 9
28 74 83
34 68 35
2 35 88
41 98 74
98 41 60
94 6 97
54 6 54
61 56 2
9 70 2
28 16 5
13 15 91
24 1 68
73 7 6
100 74 54
25 63 58
6 33 77
47 74 14
63 75 34
15 19 12
71 76 48
38 68 94
77 65 16
24 57 9
84 79 48
75 37 68
27 23 72
7 52 70
10 19 4
28 13 37
100 28 10
37 21 1
56 92 59
92 82 14
86 41 9
15 70 53
67 54 42
31 9 97
31 9 91
16 54 82
82 20 52
41 48 10
25 61 69
70 100 38
12 9 17
75 83 75
75 63 74
69 77 100
58 90 100
46 71 15
26 91 40
61 6 25
27 86 68
17 79 13
89 42 1
39 12 84
77 89 75
51 82 15
61 88 67
9 3 8
89 80 24
12 72 15
67 88 33
39 68 98
91 86 25
19 95 1
20 73 91
81 38 96
62 48 83
14 78 60
57 14 13
61 53 3
75 53 41
47 27 41
100 91 95
11 97 8
98 80 87
8 31 78
82 47 30
72 15 93
76 87 22
81 30 41
19 41 36
38 36 53
56 56 52
1 28 70
78 56 13
3 82 67
79 91 11
72 98 89
98 100 65
53 52 65
50 82 26
24 24 77
25 74 22
95 22 15
54 99 95
61 65 100
65 69 32
46 60 87
53 89 74
59 96 91
17 2 33
50 27 13
35 9 73
89 80 48
49 60 88
16 12 2
0 42 24
40 29 19
60 87 90
48 38 28
21 84 62
88 58 41
99 60 89
99 26 64
81 45 30
67 95 83
36 41 40
4 80 61
75 30 25
6 90 7
55 58 79
37 29 63
34 74 94
16 58 27
10 86 69
17 89 70
93 21 57
32 94 82
82 87 30
54 47 14
25 17 18
69 39 59
69 91 72
27 69 53
87 70 20
72 73 82
17 78 67
38 27 52
9 77 77
4 62 87
11 45 47
31 10 68
97 48 53
2 67 55
98 39 27
3 38 18
16 5 23
30 9 85
82 19 81
66 20 11
80 94 17
34 16 89
48 100 7
19 32 19
2 20 12
53 22 1
95 92 84
40 31 94
98 4 46
71 8 8
85 86 56
8 44 91
12 33 57
70 59 36
92 4 28
2 64 93
68 88 5
54 84 77
91 83 54
39 81 80
59 30 95
36 60 91
30 61 23
10 22 55
57 52 31
68 55 29
30 29 57
16 20 69
12 25 45
94 29 61
32 60 75
72 17 12
3 96 47
15 28 37
96 97 9
98 38 32
78 31 43
80 32 67
23 60 91
15 14 85
1 94 5
31 32 20
28 12 87
55 47 53
82 93 96
73 32 97
16 96 54
96 28 17
33 24 78
83 15 78
65 83 43
32 43 54
69 44 38
15 74 4
36 87 6
18 89 10
23 58 58
49 35 2
1 22 6
56 48 75
79 6 20
69 96 28
98 87 25
19 78 93
18 22 25
0 68 90
38 2 57
28 62 38
69 18 21
54 69 77
82 65 54
4 42 74
93 73 87
27 63 72
61 12 61
87 37 39
48 62 3
75 56 53
52 10 20
24 89 95
25 55 35
43 82 22
28 43 83
36 98 30
97 70 4
11 72 92
67 12 75
65 70 12
47 71 80
67 77 35
95 20 58
82 35 76
19 87 86
34 64 3
79 87 63
4 38 5
35 29 87
75 23 60
17 17 24
4 99 34
88 27 3
87 37 94
6 68 91
91 10 57
37 13 100
45 39 5
93 26 48
57 27 68
63 90 6
35 64 17
91 35 47
19 61 77
50 78 61
4 25 17
17 53 33
58 36 22
3 19 75
57 48 78
19 7 99
37 59 59
36 4 21
81 13 32
23 24 41
34 26 6
4 87 25
32 27 27
10 67 92
62 46 8
43 24 79
34 29 37
4 47 1
15 81 30
32 77 66
100 66 13
30 60 84
57 26 71
36 42 44
91 77 4
86 54 55
23 66 83
95 59 36
6 23 99
75 91 13
21 52 78
61 18 70
14 72 37
46 4 73
2 48 25
11 99 92
5 21 40
7 29 86
3 89 85
13 9 61
34 66 96
83 41 63
13 15 75
12 98 95
91 63 85
91 63 31
46 69 58
58 99 46
61 55 7
88 45 37
6 74 68
38 6 39
41 97 68
75 33 74
87 20 40
84 40 70
70 42 40
90 24 63
98 42 24
35 87 31
90 63 36
79 8 72
56 35 42
12 3 26
44 71 96
41 87 80
53 97 9
57 92 78
0 57 27
29 21 13
93 81 97
24 98 37
42 4 54
97 44 60
98 69 74
4 1 83
1 69 27
19 8 1
30 64 33
86 82 81
73 91 41
7 33 36
99 95 91
1 95 53
60 57 42
14 58 26
23 1 19
19 77 96
56 84 29
74 35 78
12 59 63
59 75 48
29 37 5
40 87 59
67 43 20
19 25 7
99 70 86
30 5 55
82 28 71
73 6 68
73 60 73
60 100 78
51 7 31
7 21 17
25 85 66
21 1 14
19 77 72
77 46 25
47 8 15
79 48 76
28 44 77
62 24 38
33 44 96
41 26 27
22 42 25
68 63 40
79 20 6
32 67 10
6 26 84
6 12 13
10 9 17
55 82 21
19 32 69
36 54 38
70 70 72
68 76 65
31 11 98
58 20 22
74 32 16
94 20 21
4 11 83
93 94 28
6 10 20
46 38 10
35 35 60
29 72 80
84 30 23
75 18 15
37 87 64
57 61 15
41 12 92
5 4 81
22 41 17
16 39 79
84 18 41
89 21 73
92 10 71
45 4 63
22 21 46
62 17 11
1 74 53
98 28 93
20 41 6
27 23 13
37 62 67
80 22 42
32 10 75
6 45 79
83 27 46
88 98 54
11 30 40
65 89 98
66 98 21
96 23 79
77 31 9
25 65 34
12 85 59
15 73 20
34 10 100
86 22 44
23 8 13
42 93 63
65 91 93
50 66 61
7 52 33
41 32 82
29 35 24
91 47 20
86 75 33
56 57 34
100 84 72
13 28 46
6 37 12
50 22 39
24 81 77
100 70 91
48 86 21
67 73 45
84 53 47
33 12 86
58 86 97
28 95 81
94 75 65
37 43 86
95 11 94
49 18 95
61 63 52
61 29 41
88 40 84
13 47 81
7 84 93
11 69 57
55 93 15
66 96 69
77 21 90
62 46 1
50 22 62
1 55 20
0 89 69
74 3 72
39 85 37
76 27 10
82 79 96
33 69 55
96 74 56
100 89 79
78 12 41
100 89 76
8 3 76
61 71 58
31 86 25
8 59 6
65 48 46
20 56 69
42 67 86
95 82 27
62 87 92
83 56 97
30 94 18
52 79 8
32 81 7
18 75 3
100 68 14
49 86 5
47 32 85
97 7 12
18 57 73
85 67 94
8 61 41
36 12 28
100 1 1
35 81 8
12 7 78
23 5 33
5 77 3
34 44 91
42 7 15
46 100 56
32 14 83
87 78 17
98 85 64
45 58 33
23 36 86
98 6 75
56 61 7
18 69 54
37 77 96
16 97 9
7 54 41
22 28 37
0 65 91
99 91 5
13 94 70
93 28 75
55 99 81
54 72 3
84 79 77
47 88 38
98 23 27
14 81 78
91 54 60
2 57 53
29 2 60
86 7 52
7 78 53
18 13 17
86 89 75
64 88 26
35 43 32
49 78 52
79 46 84
80 74 70
82 24 95
83 12 56
96 44 13
73 35 23
1 23 57
48 59 23
37 24 17
97 96 54
29 94 95
97 14 17
67 45 84
98 83 39
33 18 17
72 96 80
96 23 25
90 58 66
30 86 56
100 18 7
61 11 97
4 8 40
48 52 2
27 6 1
13 55 55
60 38 13
57 28 81
85 68 41
16 74 2
32 96 39
65 88 97
92 33 47
85 13 84
84 58 8
81 53 85
44 19 7
87 15 84
39 94 64
100 91 42
14 12 58
59 31 96
3 66 73
68 82 88
12 72 83
4 47 5
22 20 89
59 46 2
35 45 55
52 69 42
17 69 21
78 12 26
22 15 99
73 79 96
88 17 100
15 27 85
85 7 21
21 57 20
43 58 83
59 83 100
45 24 72
25 12 74
45 94 28
76 47 70
28 46 55
8 90 85
77 75 10
29 16 45
4 99 54
66 75 25
58 18 38
76 7 28
3 75 98
35 57 4
38 73 58
56 83 72
7 72 10
21 80 63
95 23 15
91 2 82
75 18 61
35 73 75
94 62 11
67 89 59
70 67 75
31 9 89
100 90 10
14 46 40
45 19 56
21 61 42
59 43 87
23 74 80
35 8 16
81 4 75
84 24 17
7 68 97
32 74 85
12 88 91
57 64 92
83 45 78
98 96 13
71 52 15
67 5 11
100 6 94
1 81 66
66 16 67
5 98 52
99 77 4
13 68 39
53 5 47
3 83 27
72 9 77
68 13 87
57 41 42
42 35 78
72 68 30
36 61 83
54 8 62
32 71 93
100 89 96
45 12 15
31 11 66
14 59 83
47 12 95
9 100 8
0 32 79
24 8 15
32 38 20
37 33 18
9 72 95
53 61 85
20 73 83
100 26 16
91 2 12
58 20 9
48 64 69
13 62 100
90 93 62
2 86 38
11 73 54
6 54 76
72 84 72
36 32 85
76 10 62
47 52 75
49 79 11
59 30 79
70 35 42
53 46 81
41 58 27
63 5 13
91 61 19
28 89 30
76 70 22
10 5 43
37 56 98
79 6 30
43 41 16
56 87 92
29 21 89
51 16 84
76 23 47
10 36 76
81 64 71
90 72 20
58 12 24
38 13 28
83 83 38
11 10 80
63 39 40
2 93 86
24 26 19
94 41 86
65 34 26
84 75 56
16 93 89
72 21 28
35 97 48
35 55 63
16 35 59
65 77 89
84 1 80
100 98 41
79 88 11
34 59 57
37 92 57
100 63 3
13 42 34
77 97 48
6 53 79
6 56 93
75 96 31
52 36 12
7 62 58
7 25 48
77 46 98
93 73 82
55 71 46
4 79 33
26 57 61
99 62 71
94 13 95
75 2 67
49 2 81
12 100 82
8 58 1
54 83 44
81 40 43
83 21 71
54 73 68
63 18 95
51 32 31
25 18 17
73 93 3
2 21 41
51 65 58
16 46 80
39 39 55
63 47 47
86 67 92
91 9 77
4 90 64
2 1 3
46 13 25
57 59 38
87 12 14
83 81 21
87 28 17
13 78 5
60 81 83
28 14 70
34 27 91
1 23 28
99 10 38
33 58 9
1 45 6
49 42 78
3 31 48
43 89 76
95 88 7
96 46 59
85 71 33
23 68 11
84 70 75
14 33 90
58 27 76
64 38 29
40 9 35
47 66 45
27 5 38
1 87 21
16 48 34
60 34 72
38 4 40
69 11 77
52 71 59
76 45 72
10 55 27
9 67 78
1 73 59
97 76 47
7 34 65
23 35 44
15 40 98
73 43 35
57 38 52
50 36 93
80 78 67
20 60 75
52 44 12
16 66 96
84 74 99
95 52 21
14 30 25
11 92 53
37 2 41
22 64 65
54 36 40
9 10 84
8 100 13
47 1 94
81 58 33
93 5 46
